#FWD	REV	MGWave	ProTave	Roll1ave	Roll2ave	HelT1ave	HelT2ave
AAAAA	TTTTT	3.38	-16.51	-5.05	-5.09	37.74	38.01
AAAAC	GTTTT	4.05	-14.47	-3.62	-4.8	37.13	36.95
AAAAG	CTTTT	3.68	-14.68	-4.23	-6.47	37.02	37.18
AAAAT	ATTTT	3.63	-14.89	-3.56	-5.12	36.93	37.68
AAACA	TGTTT	4.65	-13.05	-2.98	-2.89	36.59	35.22
AAACC	GGTTT	4.06	-12.41	-3.75	-4.65	36.34	36.2
AAACG	CGTTT	4.43	-13.15	-2.94	-3.27	36.57	35.48
AAACT	AGTTT	3.85	-12.78	-4.3	-5.49	35.86	36.86
AAAGA	TCTTT	4.02	-10.71	-4.76	-3.21	36.69	33.18
AAAGC	GCTTT	4.03	-10.58	-5.07	-3.95	36.56	32.81
AAAGG	CCTTT	4.05	-9.21	-4.8	-5.06	35.88	32.79
AAAGT	ACTTT	3.35	-11.68	-6.36	-4.78	36.93	33.88
AAATA	TATTT	3.79	-12.63	-3.91	-6.42	37.22	33.85
AAATC	GATTT	4.12	-12.27	-2.43	-5.36	36.55	33.42
AAATG	CATTT	3.84	-11.76	-4.21	-7	36.86	33.42
AAATT	AATTT	2.85	-14.95	-5	-8.57	37.52	35.11
AACAA	TTGTT	4.97	-10.17	-2.29	6.26	34.6	35.64
AACAC	GTGTT	5.05	-9.4	-2.42	4.19	34.68	35.07
AACAG	CTGTT	4.95	-9.26	-2.4	5.23	34.88	34.91
AACAT	ATGTT	4.3	-10.22	-3.23	5.76	35.12	35.94
AACCA	TGGTT	4.33	-8.86	-3.3	-0.59	35.26	34.89
AACCC	GGGTT	4.03	-7.68	-4.18	-1.38	35.8	34.89
AACCG	CGGTT	4.36	-7.97	-3.13	-0.65	35.23	34.48
AACCT	AGGTT	3.64	-8.15	-4.78	-2.23	35.92	35.61
AACGA	TCGTT	4.8	-9.62	-2.49	5.41	34.71	33.66
AACGC	GCGTT	4.64	-9.91	-2.93	4.64	35.06	33.41
AACGG	CCGTT	4.62	-10.04	-3.07	3.74	35.14	33.45
AACGT	ACGTT	4.21	-10.39	-3.43	5.64	35.24	34.53
AACTA	TAGTT	4.24	-6.07	-4.24	-3.9	35.56	32.1
AACTC	GAGTT	3.95	-5.23	-4.38	-3.01	36.03	32.41
AACTG	CAGTT	4.49	-5.42	-3.28	-1.85	35.45	31.73
AAGAA	TTCTT	4.8	-3.46	-1.79	-0.63	32.3	36.52
AAGAC	GTCTT	4.65	-3.82	-2.15	-2.37	32.56	36.4
AAGAG	CTCTT	4.68	-3.22	-1.76	-1.36	32.31	35.92
AAGAT	ATCTT	3.9	-3.55	-3.96	-3.29	32.88	37.56
AAGCA	TGCTT	4.61	-1.47	-3.05	-3.31	32.29	37.13
AAGCC	GGCTT	4.17	-1.55	-3.7	-4.34	32.49	37.74
AAGCG	CGCTT	4.63	-1.91	-2.38	-2.72	32.27	37.15
AAGCT	AGCTT	4.14	-1.56	-3.24	-4.35	32.14	38.05
AAGGA	TCCTT	4.31	-1.33	-3.38	-1.91	32.55	34.9
AAGGC	GCCTT	4.51	-1.5	-2.75	-2.62	32.34	34.57
AAGGG	CCCTT	4.42	-0.14	-3.37	-3.54	31.94	34.22
AAGGT	ACCTT	3.75	-1.48	-4.81	-3.27	32.53	35.68
AAGTA	TACTT	4.03	-4.26	-3.52	-4.72	33.24	35.21
AAGTC	GACTT	3.74	-4.07	-4.01	-5.04	33.16	35.44
AAGTG	CACTT	4.14	-4.48	-2.79	-4.51	33.1	34.91
AAGTT	AACTT	3.34	-6.26	-3.62	-5.19	33.58	36.3
AATAA	TTATT	5.53	-9.65	-3.91	8.21	32.44	34.83
AATAC	GTATT	5.3	-10.45	-4.27	6.24	32.78	34.79
AATAG	CTATT	4.65	-11.61	-5.98	3.47	33.54	35.89
AATAT	ATATT	4.8	-10.43	-5.48	6.33	33.17	35.25
AATCA	TGATT	4.46	-9.91	-4.75	-1.08	33.01	36.14
AATCC	GGATT	4.19	-9.67	-5.81	-0.9	33.31	36.57
AATCG	CGATT	4.56	-9.51	-4.9	-0.8	32.89	36.19
AATCT	AGATT	3.75	-10.31	-6.11	-2.71	33.3	37.53
AATGA	TCATT	4.46	-9.02	-6.08	3.8	32.87	34.98
AATGC	GCATT	4.89	-9.59	-5.22	3.59	32.67	35.25
AATGG	CCATT	5.08	-8.98	-4.16	3.6	32.12	34.87
AATGT	ACATT	4.27	-10.82	-6.17	4.78	33.25	36.13
AATTA	TAATT	4.36	-12.2	-5.21	-2.38	33.31	35.92
AATTC	GAATT	3.75	-11.18	-6.49	-3.59	33.75	36.17
AATTG	CAATT	4.24	-11.93	-5.32	-2.97	33.37	35.62
ACAAA	TTTGT	5.21	-12.03	6.09	-2.56	35.41	35.77
ACAAC	GTTGT	5.58	-11.7	6.2	-3.26	35.22	35.25
ACAAG	CTTGT	5.19	-10.72	5.65	-3.95	35.43	35.05
ACACA	TGTGT	5.5	-9.33	2.96	-2.65	35.28	33.88
ACACC	GGTGT	5.31	-8.57	3.95	-2.95	34.83	34.36
ACACG	CGTGT	5.47	-9.43	4.66	-2.25	35.35	33.84
ACAGA	TCTGT	5.33	-7	3.72	-1.93	35	31.6
ACAGC	GCTGT	5.31	-7.34	5.07	-2.1	35.03	31.35
ACAGG	CCTGT	5.29	-6.78	4.68	-2.48	34.61	31.34
ACAGT	ACTGT	5.2	-8.12	4.57	-1.83	34.72	31.75
ACATA	TATGT	5.14	-8.52	4.85	-4.73	35.48	32.21
ACATC	GATGT	4.82	-8.65	5.15	-4.91	35.37	32.37
ACATG	CATGT	4.99	-10.15	5.73	-4.67	35.7	32
ACCAA	TTGGT	5.08	-4.69	-0.94	4.34	34.7	34.6
ACCAC	GTGGT	5.38	-5	-0.49	3.35	34.37	34.18
ACCAG	CTGGT	5.19	-4.44	-0.64	3.13	34.39	34.21
ACCCA	TGGGT	4.66	-3.38	-1.42	-2	34.63	33.53
ACCCC	GGGGT	4.58	-2.37	-1.8	-2.4	34.28	33.44
ACCCG	CGGGT	4.7	-3.53	-0.94	-1.76	34.56	33.51
ACCGA	TCGGT	5.02	-4.29	-0.94	3.35	34.18	32.64
ACCGC	GCGGT	5.08	-4.55	-0.62	2.79	34.31	32.31
ACCGG	CCGGT	5.16	-5.03	-0.44	2.54	34.12	32.44
ACCTA	TAGGT	4.68	-1.54	-1.78	-2.96	34.99	31.46
ACCTC	GAGGT	4.37	-0.88	-2.35	-3.46	34.93	31.49
ACCTG	CAGGT	4.54	-1.68	-1.63	-2.97	35.08	31.38
ACGAA	TTCGT	5.21	-6.66	5.06	-0.84	33.73	36
ACGAC	GTCGT	5.34	-6.61	5.01	-2.42	33.73	35.7
ACGAG	CTCGT	5.13	-6.5	4.47	-2.01	33.69	35.94
ACGCA	TGCGT	5.27	-4.25	4.21	-1.26	33.71	35.83
ACGCC	GGCGT	5.08	-3.63	3.67	-2.09	33.32	36.67
ACGCG	CGCGT	5.2	-4.73	4.51	-1.39	33.2	35.9
ACGGA	TCCGT	5.06	-3.36	2.56	-2.1	33.01	34.6
ACGGC	GCCGT	5.08	-3.97	3.91	-1.58	33.55	33.79
ACGGG	CCCGT	4.92	-2.81	2.76	-2.05	33.23	33.75
ACGGT	ACCGT	4.73	-4.79	3.68	-1.2	33.29	34.47
ACGTA	TACGT	4.84	-7.92	5.09	-2.68	34.34	34.3
ACGTC	GACGT	4.7	-7.92	5.05	-3.06	34.3	34.58
ACGTG	CACGT	4.85	-8.78	5.64	-3.13	34.48	34.05
ACTAA	TTAGT	5.73	-8.1	-0.98	7.88	31.57	34.45
ACTAC	GTAGT	5.62	-8.16	-1.63	4.89	31.68	34.24
ACTAG	CTAGT	5.13	-7.44	-2.86	3.55	32.22	35
ACTCA	TGAGT	4.89	-7.5	-2.78	-1.75	32.14	35.29
ACTCC	GGAGT	4.73	-6.75	-2.84	-2.04	31.81	35.76
ACTCG	CGAGT	4.93	-7.78	-1.9	-1.04	31.96	35.21
ACTGA	TCAGT	5.48	-7.1	-1.92	4.75	31.46	34.41
ACTGC	GCAGT	5.4	-7.79	-1.42	3.67	31.49	33.95
ACTGG	CCAGT	5.32	-7.24	-1.82	3.06	31.51	34.39
ACTTA	TAAGT	4.48	-9.96	-2.87	-3.58	33.06	35.16
ACTTC	GAAGT	4.31	-8.83	-3.34	-4.2	32.77	35.22
ACTTG	CAAGT	4.52	-10.21	-2.35	-3.59	33.13	34.94
AGAAA	TTTCT	4.74	-10.55	-0.69	-2.61	36.43	36.02
AGAAC	GTTCT	4.85	-10.59	-0.56	-3.03	36.45	35.7
AGAAG	CTTCT	4.5	-10.3	-1.65	-4.1	36.79	35.47
AGACA	TGTCT	4.99	-8.49	-1.88	-2.8	36.49	34.36
AGACC	GGTCT	4.73	-8.04	-1.9	-3.14	36.1	34.74
AGACG	CGTCT	4.83	-8.81	-2.02	-2.95	36.41	34.44
AGACT	AGTCT	4.57	-7.81	-2	-3.59	36.01	34.89
AGAGA	TCTCT	5	-6.62	-1.55	-1.87	35.8	31.7
AGAGC	GCTCT	5.04	-6.5	-1.41	-2.48	35.84	31.62
AGAGG	CCTCT	4.97	-6.38	-1.11	-2.6	35.39	31.44
AGAGT	ACTCT	4.86	-7.83	-0.84	-1.51	35.66	31.76
AGATA	TATCT	4.72	-8.23	-1.03	-4.23	36.52	32.48
AGATC	GATCT	4.36	-8.23	-1.69	-5.53	36.68	32.82
AGATG	CATCT	4.66	-7.85	-1.27	-5.19	36.48	32.25
AGCAA	TTGCT	5.08	-3.36	-3.02	3.78	36.94	34.41
AGCAC	GTGCT	5.43	-3.79	-1.72	2.81	36.67	34.03
AGCAG	CTGCT	5.16	-3.6	-2.72	3.76	36.97	33.86
AGCCA	TGGCT	4.53	-2.76	-3.86	-2.44	37.62	33.35
AGCCC	GGGCT	4.61	-2.48	-2.95	-1.98	37.3	33.51
AGCCG	CGGCT	4.83	-3.04	-2.14	-1.44	37.23	33.27
AGCGA	TCGCT	5.19	-3.56	-2.29	4.15	36.83	32.44
AGCGC	GCGCT	5.18	-3.87	-1.92	2.89	36.76	32.08
AGCGG	CCGCT	5.15	-3.78	-1.9	2.44	36.72	32.34
AGCGT	ACGCT	4.86	-3.93	-2.63	3.7	37.02	33
AGCTA	TAGCT	4.88	-1.3	-2.66	-2.32	37.56	31.13
AGCTC	GAGCT	4.63	-0.83	-3.25	-2.86	37.66	31.33
AGCTG	CAGCT	4.8	-1.38	-2.49	-2.54	37.48	31.01
AGGAA	TTCCT	4.76	-4.88	-1.44	-1.3	34.39	36.26
AGGAC	GTCCT	4.81	-5.39	-0.96	-2.19	34.49	36.03
AGGAG	CTCCT	4.63	-4.81	-1.32	-2.62	34.13	36.23
AGGCA	TGCCT	4.82	-2.38	-2.06	-2.41	34.03	36.26
AGGCC	GGCCT	4.72	-2.2	-1.89	-2.34	33.71	36.64
AGGCG	CGCCT	4.77	-2.82	-2.1	-2.16	34.34	36.31
AGGCT	AGCCT	4.33	-2.34	-2.71	-3.85	34	37.47
AGGGA	TCCCT	4.68	-1.76	-2.51	-1.61	33.86	33.6
AGGGC	GCCCT	4.73	-1.88	-2.27	-2.16	34	33.54
AGGGG	CCCCT	4.62	-1.32	-2.55	-2.41	33.78	33.61
AGGGT	ACCCT	4.29	-2.62	-3.17	-2.05	34.17	34.42
AGGTA	TACCT	4.33	-5.43	-2.81	-4.49	35.24	34.69
AGGTC	GACCT	4.18	-5.67	-2.46	-3.96	35.04	34.84
AGGTG	CACCT	4.42	-6.64	-1.65	-3.26	35.25	34.31
AGTAA	TTACT	5.37	-7.55	-3.91	5.33	34.75	34.55
AGTAC	GTACT	5.54	-8.16	-2.73	4.94	34.74	33.82
AGTAG	CTACT	5.2	-8.16	-4.12	4.64	35.18	34.13
AGTCA	TGACT	4.89	-8.11	-3.69	-1.77	35.06	35.14
AGTCC	GGACT	4.51	-7.34	-4.26	-2.46	34.97	35.78
AGTCG	CGACT	4.59	-8.15	-4.46	-2.31	35.27	35.38
AGTGA	TCACT	5.22	-7.1	-3.58	3.56	34.23	33.87
AGTGC	GCACT	5.3	-7.68	-3.54	2.74	34.58	33.99
AGTGG	CCACT	5.31	-7.4	-2.95	2.64	34.38	34.11
AGTGT	ACACT	5.1	-8.48	-3.51	3.69	34.67	34.61
AGTTA	TAACT	4.67	-10.74	-3.98	-3.3	35.6	34.85
AGTTC	GAACT	4.25	-10.45	-4.54	-3.79	35.93	35.24
AGTTG	CAACT	4.38	-11.29	-4.47	-3.88	36.24	34.76
ATAAA	TTTAT	5.66	-12.37	8.13	-0.95	34.6	35.94
ATAAC	GTTAT	5.62	-10.51	6.14	-3.5	34.54	35.5
ATAAG	CTTAT	5.48	-10.54	6.31	-3.47	35.15	35.03
ATAAT	ATTAT	5.28	-11.27	6.41	-2.76	35.02	35.9
ATACA	TGTAT	5.82	-8.93	5.89	-2.07	34.63	34.26
ATACC	GGTAT	5.46	-8.36	5.39	-2.59	34.56	34.69
ATACG	CGTAT	5.53	-9.05	5.89	-2.22	34.59	34.16
ATACT	AGTAT	5.37	-8.21	6.22	-2.71	34.44	34.73
ATAGA	TCTAT	5.69	-7.03	6.34	-1.51	34.25	31.88
ATAGC	GCTAT	5.37	-6.84	4.96	-2.59	34.96	31.21
ATAGG	CCTAT	5.6	-6.87	5.54	-2.45	34.5	31.71
ATAGT	ACTAT	4.86	-8.26	3.79	-3.25	35.53	31.86
ATATA	TATAT	5.76	-8.95	8.32	-2.62	34.46	32.12
ATATC	GATAT	5.4	-8.3	6.33	-3.98	35.01	32.32
ATATG	CATAT	5.32	-8.33	5.85	-4.26	35.37	32.04
ATCAA	TTGAT	5.52	-7.12	0.04	6.62	35.38	34.6
ATCAC	GTGAT	5.35	-6.53	-0.51	3.72	35.64	34.03
ATCAG	CTGAT	5.34	-6.55	-0.36	4.36	35.8	34.24
ATCCA	TGGAT	4.94	-5.7	-0.96	-0.54	36.24	33.69
ATCCC	GGGAT	4.81	-4.91	-1.49	-1.06	36.09	33.66
ATCCG	CGGAT	4.47	-4.49	-2.07	-2.34	36.59	32.93
ATCCT	AGGAT	4.51	-5.29	-1.25	-1.41	36.16	34.37
ATCGA	TCGAT	5.23	-7.08	-0.54	5.51	35.76	32.77
ATCGC	GCGAT	5.28	-6.96	-0.66	4.15	35.82	32.49
ATCGG	CCGAT	5.25	-7.15	-0.66	3.63	35.6	32.57
ATCGT	ACGAT	4.8	-6.85	-1.68	4.65	36.22	33.64
ATCTA	TAGAT	4.74	-3.2	-1.24	-2.21	36.79	31.29
ATCTC	GAGAT	4.74	-2.78	-1.46	-2.16	36.47	31.47
ATCTG	CAGAT	4.98	-2.7	-0.33	-2.27	36.37	31.12
ATGAA	TTCAT	5.5	-6.07	5.73	0.04	35.03	35.39
ATGAC	GTCAT	5.45	-6.37	5.16	-2.06	35.1	35.47
ATGAG	CTCAT	5.23	-6.05	5.69	-1.52	34.93	35.1
ATGAT	ATCAT	4.79	-6.15	3.79	-1.32	34.82	36.14
ATGCA	TGCAT	5.55	-3.73	4.66	-1.2	35.12	35.6
ATGCC	GGCAT	5.33	-3.12	4.26	-1.93	34.66	36.28
ATGCG	CGCAT	5.6	-4.03	5.09	-0.76	35	35.58
ATGCT	AGCAT	5.23	-3.68	4.59	-2.2	34.56	36.89
ATGGA	TCCAT	5.34	-3.37	4.34	-0.26	34.46	33.69
ATGGC	GCCAT	5.23	-3.12	3.68	-2.18	34.93	33.39
ATGGG	CCCAT	5.19	-2.37	3.38	-2.51	34.56	33.45
ATGGT	ACCAT	4.97	-4.33	4.04	-1.22	34.88	34.55
ATGTA	TACAT	5.27	-7.4	5.57	-2.14	35.76	34.06
ATGTC	GACAT	5.02	-7.1	4.9	-2.83	35.42	34.24
ATGTG	CACAT	5.15	-8.83	6.57	-2.22	35.86	33.53
ATTAA	TTAAT	5.58	-11.32	-2.12	8.64	35.37	34.44
ATTAC	GTAAT	5.44	-11.34	-2.51	5.03	35.53	34.68
ATTAG	CTAAT	5.57	-11.58	-1.62	7.71	35.33	34.46
ATTCA	TGAAT	5.22	-10.83	-2.45	0.21	36.06	35.03
ATTCC	GGAAT	4.69	-9.61	-3.73	-0.88	35.6	35.99
ATTCG	CGAAT	4.88	-10.56	-2.98	-0.24	35.86	35.52
ATTCT	AGAAT	4.43	-10.15	-3.86	-1.42	36.11	36.6
ATTGA	TCAAT	5.46	-10.92	-2.1	7.05	34.93	34.6
ATTGC	GCAAT	5.15	-10.6	-2.92	3.9	35.34	34.49
ATTGG	CCAAT	5.3	-10.72	-2.07	5.06	34.93	34.4
ATTGT	ACAAT	5.03	-11.94	-2.43	6.33	35.45	35.55
ATTTA	TAAAT	4.75	-13.87	-2.36	-0.94	36.55	35.79
ATTTC	GAAAT	4.27	-12.09	-4.4	-3.13	36.7	35.77
ATTTG	CAAAT	4.12	-13.36	-4.68	-3.54	37.28	35.49
CAAAG	CTTTG	4.52	-12.85	-2.8	-4.84	35.41	36.3
CAACG	CGTTG	4.98	-11.71	-2.97	-2.83	35.01	35.1
CAAGG	CCTTG	4.65	-9.16	-3.66	-2.93	34.98	32.51
CAATG	CATTG	4.69	-10.42	-2.63	-4.37	35.08	32.41
CACAG	CTGTG	5.32	-8.12	-2.15	4.99	33.74	35.2
CACCG	CGGTG	4.92	-6.56	-2.48	-0.28	34.05	34.36
CACGG	CCGTG	5.1	-8.46	-2.43	4.06	33.81	33.7
CAGAG	CTCTG	5.14	-3.06	-1.81	-1	31.18	35.6
CAGCG	CGCTG	5.13	-1.72	-1.93	-1.69	31.2	36.67
CAGGG	CCCTG	4.85	-0.14	-3.39	-2.88	31.11	34.07
CAGTG	CACTG	4.98	-4.52	-1.18	-2.39	31.61	34.3
CATAG	CTATG	5.53	-8.2	-3.65	5.41	31.84	35.03
CATCG	CGATG	4.94	-8.32	-4.47	-0.95	32.14	35.83
CATGG	CCATG	5.34	-9.01	-4.03	3.95	31.61	34.66
CCAGG	CCTGG	5.4	-5.54	2.39	-2.87	34.05	31.17
CCGGG	CCCGG	5.19	-3.26	1.93	-1.59	32.53	33.24
CGACG	CGTCG	5.19	-8.49	-1.47	-2.51	35.57	34.26
CGAGG	CCTCG	5.18	-6.32	-1.26	-2.8	34.97	31.5
CGCGG	CCGCG	5.51	-4.25	-1.05	2.68	35.54	32.35
CGGCG	CGCCG	5.09	-3.17	-1.33	-1.46	33.59	36.24
CGGGG	CCCCG	4.94	-1.95	-1.77	-1.76	33.22	33.62
CGTGG	CCACG	5.64	-7.87	-2.34	3.23	33.53	34.18
CTAAG	CTTAG	5.49	-10.31	6.02	-3.25	34.71	35.04
CTACG	CGTAG	5.77	-8.43	4.93	-2.16	34.25	34.02
CTAGG	CCTAG	5.69	-6.51	4.92	-2.23	34.19	31.47
CTCCG	CGGAG	5.01	-5.07	-1.83	-0.61	35.79	33.51
CTCGG	CCGAG	5.65	-6.12	-0.49	4.6	34.73	32.31
CTGAG	CTCAG	5.56	-6.08	4.27	-0.89	34.47	34.84
CTGCG	CGCAG	5.67	-3.85	3.64	-0.89	34.24	35.64
CTGGG	CCCAG	5.39	-2.47	2.42	-1.97	33.88	33.54
CTTCG	CGAAG	4.92	-9.8	-3.7	-0.16	35.11	35.23
CTTGG	CCAAG	5.31	-9.71	-3.4	4.48	34.56	34.61
GAAAC	GTTTC	4.74	-12.76	-2.18	-3.35	36.01	36.17
GAAAG	CTTTC	4.36	-11.93	-3	-4.95	35.91	36.1
GAACC	GGTTC	4.46	-10.08	-3.83	-3.59	35.45	35.19
GAACG	CGTTC	4.74	-11.06	-2.93	-2.93	35.71	34.9
GAAGC	GCTTC	4.82	-8.01	-3.36	-2.79	34.96	32.06
GAAGG	CCTTC	4.63	-7.38	-3.82	-3.57	34.75	32.02
GAATC	GATTC	4.36	-9.46	-3.18	-5.55	35.53	32.93
GAATG	CATTC	4.39	-9.43	-3.64	-5.91	35.63	32.69
GACAC	GTGTC	5.49	-7.25	-2.01	4.23	34.03	34.92
GACAG	CTGTC	5.26	-6.88	-2.46	3.98	34.25	34.79
GACCC	GGGTC	4.45	-5.33	-3.44	-1.78	34.81	34.36
GACCG	CGGTC	4.69	-5.99	-2.77	-0.84	34.65	34.17
GACGC	GCGTC	5.09	-7.38	-2.45	4.23	34.21	33.02
GACGG	CCGTC	5.1	-7.15	-2.46	3.11	34.1	33.08
GACTG	CAGTC	5	-3.96	-2.08	-1.4	34.65	31.46
GAGAC	GTCTC	5.04	-3.46	-1.45	-1.85	31.76	36.17
GAGAG	CTCTC	4.93	-2.54	-1.93	-1.9	31.39	35.65
GAGCC	GGCTC	4.67	-0.53	-2.76	-3.07	31.39	37.09
GAGCG	CGCTC	5.02	-1.32	-1.89	-1.98	31.47	36.68
GAGGC	GCCTC	4.85	-0.7	-2.42	-2.18	31.38	33.92
GAGGG	CCCTC	4.78	-0.03	-2.73	-2.62	31.33	33.87
GAGTC	GACTC	4.53	-3.11	-2.44	-3.57	31.83	34.87
GAGTG	CACTC	4.78	-3.31	-1.98	-3.21	31.79	34.12
GATAC	GTATC	5.65	-8.06	-3.62	5.72	32.1	34.46
GATAG	CTATC	5.54	-8.88	-4.19	6.28	32.43	33.89
GATCC	GGATC	4.63	-7.56	-4.63	-1.67	32.41	36.29
GATCG	CGATC	4.96	-7.79	-4.15	-0.57	32.29	35.54
GATGC	GCATC	5.38	-7.6	-4.24	3.67	31.96	34.59
GATGG	CCATC	5.53	-7.48	-3.42	4.13	31.66	34.54
GATTG	CAATC	4.81	-10.33	-4.28	-2.12	32.75	34.92
GCAAG	CTTGC	5.45	-9.9	4.47	-3.39	34.37	34.89
GCACG	CGTGC	5.74	-8.4	3.22	-2.27	34.75	33.78
GCAGC	GCTGC	5.67	-6.76	3.55	-2.09	34.49	31.29
GCAGG	CCTGC	5.52	-5.92	2.96	-3.15	33.94	31.18
GCATG	CATGC	5.5	-9.43	4.69	-3.87	34.82	31.54
GCCAG	CTGGC	5.43	-3.34	-1.52	2.79	33.53	34.28
GCCCG	CGGGC	4.95	-2.73	-1.71	-1.7	33.78	33.44
GCCGG	CCGGC	5.36	-3.58	-1.33	2.08	33.41	32.61
GCCTG	CAGGC	4.94	-1.28	-1.61	-2.26	33.99	31.14
GCGAG	CTCGC	5.46	-6.31	4.38	-1.17	32.59	35.13
GCGCG	CGCGC	5.54	-4.22	3.12	-1.15	32.44	35.7
GCGGC	GCCGC	5.37	-3.73	2.78	-1.31	32.46	33.44
GCGGG	CCCGC	5.3	-2.75	2.34	-1.73	32.3	33.41
GCGTG	CACGC	5.25	-7.98	4.71	-2.23	33.34	33.73
GCTAG	CTAGC	5.67	-6.54	-2.24	4.03	31.36	34.66
GCTCG	CGAGC	5.2	-6.78	-2.22	-1.22	31.41	35.31
GCTGG	CCAGC	5.53	-5.87	-2.45	2.75	30.94	34.09
GCTTG	CAAGC	4.94	-8.63	-2.39	-3.44	32.11	34.57
GGAAG	CTTCC	4.63	-9.44	-0.61	-3.81	35.39	35.02
GGACC	GGTCC	4.8	-7.55	-2.12	-3.32	35.8	34.71
GGACG	CGTCC	5.02	-8.11	-1.8	-2.49	36.13	34.01
GGAGC	GCTCC	5.05	-6.07	-1.59	-2.75	35.75	31.38
GGAGG	CCTCC	4.93	-5.75	-1.91	-3.27	35.57	31.42
GGATG	CATCC	4.84	-7.65	-1.14	-4.71	36.16	32.03
GGCAG	CTGCC	5.41	-3.2	-1.34	3.38	36.22	33.75
GGCCG	CGGCC	4.96	-2.72	-2	-1.3	36.85	33.23
GGCGC	GCGCC	5.41	-3.39	-1.71	2.85	36.24	32.32
GGCGG	CCGCC	5.29	-3.13	-2.02	1.79	36.31	32.31
GGCTG	CAGCC	4.95	-1.2	-2.29	-2.64	37.17	31.16
GGGAG	CTCCC	4.85	-4.6	-1	-1.87	33.49	35.58
GGGCC	GGCCC	4.77	-1.93	-2.36	-2.4	33.57	36.61
GGGCG	CGCCC	4.96	-2.89	-1.63	-1.66	33.85	36.18
GGGGC	GCCCC	4.82	-2.13	-2.02	-1.96	33.56	33.68
GGGGG	CCCCC	4.75	-1.03	-2.24	-2.41	33.25	33.41
GGGTG	CACCC	4.77	-5.89	-1.08	-2.99	34.41	34.14
GGTAG	CTACC	5.55	-8.07	-2.63	4.24	34.52	34.3
GGTCG	CGACC	4.82	-8.09	-3.5	-2.17	34.74	35.73
GGTGC	GCACC	5.56	-7.89	-2.69	2.97	34.16	34.26
GGTGG	CCACC	5.56	-7.11	-2.55	2.46	33.92	34.27
GGTTG	CAACC	4.82	-4.14	-3.18	-2.06	35.52	31.89
GTAAC	GTTAC	5.86	-10.83	5.89	-2.71	34.23	35.06
GTAAG	CTTAC	5.62	-10.31	5.9	-3.24	34.34	34.87
GTACC	GGTAC	5.84	-8.12	4.32	-2.37	34.23	34.34
GTACG	CGTAC	5.93	-8.84	4.68	-2.11	34.2	33.97
GTAGC	GCTAC	5.88	-6.96	4.45	-2.28	34.48	31.25
GTAGG	CCTAC	5.76	-6.19	4.46	-2.71	34.06	31.41
GTATG	CATAC	5.93	-8.42	6.01	-2.99	34.49	31.46
GTCAG	CTGAC	5.67	-6.43	-1.29	4.57	35.2	34.37
GTCCC	GGGAC	4.9	-5.28	-2.34	-0.93	35.97	33.99
GTCCG	CGGAC	5.08	-6.07	-1.73	-0.51	36.17	33.8
GTCGC	GCGAC	5.56	-6.9	-1.39	4.64	35.46	32.7
GTCGG	CCGAC	5.54	-6.74	-1.52	3.41	35.42	32.81
GTCTG	CAGAC	5.22	-3.97	-1.52	-1.18	36.44	31.42
GTGAC	GTCAC	6.01	-6.82	4.03	-1.42	34.6	35.33
GTGAG	CTCAC	5.8	-6.5	4.33	-0.77	34.48	34.92
GTGCC	GGCAC	5.66	-3.41	3.05	-1.35	34.22	36.31
GTGCG	CGCAC	5.88	-4.13	3.27	-0.64	34.69	35.54
GTGGC	GCCAC	5.46	-4.03	3.09	-1.52	34.2	33.11
GTGGG	CCCAC	5.41	-2.94	2.54	-1.85	34.09	33.55
GTGTG	CACAC	5.73	-8.16	5.01	-1.37	35.12	33.35
GTTAG	CTAAC	5.8	-10.65	-2.89	5.73	35.18	34.54
GTTCC	GGAAC	4.84	-9.91	-3.78	-1.77	35.48	36.02
GTTCG	CGAAC	5.1	-10.48	-3.31	-0.26	35.58	35.61
GTTGC	GCAAC	5.7	-10.75	-2.98	4.66	35.02	34.8
GTTGG	CCAAC	5.42	-9.8	-1.94	6.57	31.76	34.44
GTTTG	CAAAC	4.95	-13.1	-3.27	-2.42	36.33	35.28
TAAAA	TTTTA	4.89	-13.29	-2.46	-2.75	35.6	36.72
TAAAC	GTTTA	5.1	-13.54	-1.29	-2.84	35.72	36.4
TAAAG	CTTTA	4.7	-12.85	-1.56	-3.87	35.7	36.11
TAACA	TGTTA	5.17	-11.35	-2.39	-2.47	35.32	34.78
TAACC	GGTTA	4.87	-10.83	-3.03	-3.26	35.08	35.3
TAACG	CGTTA	5.15	-11.31	-2.63	-2.83	35.27	34.89
TAAGA	TCTTA	4.93	-8.51	-3.37	-2.51	34.89	32.43
TAAGC	GCTTA	5.01	-8.92	-2.87	-2.56	34.85	32.17
TAAGG	CCTTA	4.81	-8.13	-3.71	-4.02	34.66	32.34
TAATA	TATTA	5.11	-9.98	-2.19	-3.92	35.37	32.48
TAATC	GATTA	4.81	-10.25	-2.32	-4.51	35.28	32.72
TAATG	CATTA	4.9	-10.52	-2.15	-4.86	35.43	32.4
TACAA	TTGTA	5.89	-7.17	-1.49	5.8	33.4	35.27
TACAC	GTGTA	5.74	-6.58	-2.01	3.4	33.6	34.99
TACAG	CTGTA	5.41	-6.49	-1.95	3.96	33.82	34.82
TACCA	TGGTA	5.13	-5.96	-2.45	-0.68	34.38	34.3
TACCC	GGGTA	4.71	-5.01	-3.44	-1.79	34.53	34.33
TACCG	CGGTA	4.96	-5.99	-2.35	-0.83	34.43	34.27
TACGA	TCGTA	5.61	-6.48	-1.92	4.91	33.57	33.73
TACGC	GCGTA	5.32	-7.22	-2.07	4.31	33.93	33.14
TACGG	CCGTA	5.33	-6.7	-2.19	2.74	33.73	33.27
TACTC	GAGTA	4.69	-3.05	-3.67	-2.76	34.56	31.76
TACTG	CAGTA	5.13	-4.2	-2.15	-1.74	34.47	31.52
TAGAA	TTCTA	5.33	-3.73	-1.4	-0.49	31.57	36.55
TAGAC	GTCTA	5.32	-3.62	-1.45	-1.45	31.64	36.16
TAGAG	CTCTA	5.41	-3.22	-1.35	-0.44	31.4	35.31
TAGCA	TGCTA	5.36	-1.6	-2.09	-1.5	31.39	36.48
TAGCC	GGCTA	5	-1.22	-2.77	-2.39	31.35	37.31
TAGCG	CGCTA	5.22	-1.63	-2.2	-1.71	31.38	36.72
TAGGA	TCCTA	4.98	-1.39	-2.51	-0.97	31.66	34.64
TAGGC	GCCTA	4.97	-1.23	-2.47	-1.96	31.51	34.04
TAGGG	CCCTA	4.99	-0.56	-2.67	-2.27	31.16	34.12
TAGTA	TACTA	5.33	-3.97	-1.21	-2.12	31.63	34.42
TAGTC	GACTA	5.08	-3.9	-1	-2.07	31.53	34.57
TAGTG	CACTA	5.11	-4.24	-1.38	-2.73	31.7	34.28
TATAA	TTATA	6.07	-7.14	-3.01	7.31	31.78	34.57
TATAC	GTATA	6.01	-7.88	-2.8	5.6	31.78	34.63
TATAG	CTATA	5.79	-7.69	-3.1	5.66	31.96	34.63
TATCA	TGATA	5.38	-7.32	-3.4	-1.13	31.94	35.75
TATCC	GGATA	4.98	-7.47	-4.17	-1.31	32.31	36.04
TATCG	CGATA	5.32	-7.63	-3.35	-0.47	31.89	35.68
TATGA	TCATA	5.84	-7	-3.24	4.95	31.46	35.1
TATGC	GCATA	5.76	-8.11	-2.97	5.2	31.62	34.78
TATGG	CCATA	5.88	-6.69	-2.84	3.24	31.26	34.97
TATTC	GAATA	4.51	-10.01	-4.85	-3.1	32.92	35.93
TATTG	CAATA	5.02	-9.7	-3.9	-2.87	32.4	35.12
TCAAC	GTTGA	5.65	-10.22	5.39	-3.34	34.69	34.93
TCAAG	CTTGA	5.4	-9.98	5.51	-3.44	34.53	34.76
TCACC	GGTGA	5.4	-7.04	3.82	-3.21	34.15	34.04
TCACG	CGTGA	5.71	-8.08	4.27	-2.49	34.66	33.8
TCAGA	TCTGA	5.47	-6.32	4.43	-1.76	34.38	31.28
TCAGC	GCTGA	5.74	-6.36	4.93	-2	34.29	31.14
TCAGG	CCTGA	5.47	-5.31	3.63	-3.12	34.07	30.94
TCATC	GATGA	5.08	-7.37	4.02	-4.68	34.64	32.03
TCATG	CATGA	5.27	-9.26	5.91	-4.44	35	31.75
TCCAC	GTGGA	5.58	-3.48	-0.49	2.75	33.75	34.34
TCCAG	CTGGA	5.31	-2.98	-0.76	2.8	33.74	33.98
TCCCC	GGGGA	4.76	-1.44	-1.23	-2.33	33.65	33.55
TCCCG	CGGGA	4.95	-2.56	-0.91	-1.93	34.12	33.56
TCCGC	GCGGA	5.27	-3.15	-0.89	2.4	33.51	32.42
TCCGG	CCGGA	5.39	-3.19	-0.62	1.31	33.6	32.84
TCCTC	GAGGA	4.8	-0.44	-1.37	-2.86	34.17	31.53
TCCTG	CAGGA	4.92	-0.9	-1.05	-2.79	34.22	31.21
TCGAC	GTCGA	5.64	-6.68	5.38	-1.63	33.06	35.51
TCGAG	CTCGA	5.42	-6.72	5.47	-1.2	33.01	35.17
TCGCC	GGCGA	5.4	-2.99	3.27	-1.65	32.6	36.2
TCGCG	CGCGA	5.42	-4.27	4.5	-1.33	32.65	35.66
TCGGA	TCCGA	5.36	-3.04	3.14	-0.81	32.77	33.64
TCGGC	GCCGA	5.43	-3.4	3.91	-0.99	32.47	32.95
TCGGG	CCCGA	5.22	-2.92	3.35	-1.75	32.86	33.58
TCGTC	GACGA	5.16	-7.11	4.81	-2.39	33.65	34.18
TCGTG	CACGA	5.29	-7.95	5.8	-2.18	33.99	33.77
TCTAC	GTAGA	5.76	-6.38	-2.44	4.12	30.99	34.42
TCTAG	CTAGA	5.84	-6.98	-1.22	5.27	31.57	34.35
TCTCC	GGAGA	4.92	-6.1	-2.23	-2.03	31.48	35.79
TCTCG	CGAGA	5.17	-6.8	-1.9	-1.21	31.51	35.18
TCTGC	GCAGA	5.75	-6.69	-1.2	4.1	31.17	33.98
TCTGG	CCAGA	5.56	-6.09	-2.71	2.85	31.02	33.91
TCTTC	GAAGA	4.52	-8.18	-2.28	-3.52	32.42	35.03
TCTTG	CAAGA	4.92	-9.12	-1.59	-3.37	32.47	34.77
TGAAC	GTTCA	5.35	-10.38	0.09	-2.98	35.12	35.57
TGAAG	CTTCA	5.15	-10.24	0.22	-3.01	35.1	35.14
TGACA	TGTCA	5.43	-8.28	-1.53	-2.49	35.3	34.2
TGACC	GGTCA	4.94	-7.96	-2.01	-3.46	35.47	34.83
TGACG	CGTCA	5.39	-8.47	-1.16	-2.4	35.16	34.29
TGAGA	TCTCA	5.29	-6.62	-1.29	-2.02	35.17	31.77
TGAGC	GCTCA	5.4	-6.75	-0.9	-2.11	34.81	31.45
TGAGG	CCTCA	5.3	-6.36	-0.98	-2.49	34.61	31.54
TGATC	GATCA	4.77	-7.81	-1.37	-4.67	35.6	32.48
TGATG	CATCA	5.22	-8.13	-0.46	-3.98	35.36	31.93
TGCAC	GTGCA	5.94	-3.74	-0.76	2.85	35.46	34.64
TGCAG	CTGCA	5.79	-3.68	-0.7	3.43	35.64	34.5
TGCCC	GGGCA	5.02	-2.52	-1.81	-1.78	36.27	33.82
TGCCG	CGGCA	5.17	-3.11	-1.38	-1.26	36.2	33.58
TGCGA	TCGCA	5.68	-3.81	-0.91	4.16	35.53	33.31
TGCGC	GCGCA	5.71	-3.94	-0.67	3.54	35.52	32.79
TGCGG	CCGCA	5.59	-4.13	-0.88	2.75	35.63	33.13
TGCTC	GAGCA	5.1	-0.94	-2.29	-2.44	36.61	31.46
TGCTG	CAGCA	5.27	-1.72	-1.51	-1.86	36.65	31.23
TGGAC	GTCCA	5.19	-5.78	-0.37	-2.08	33.79	36.11
TGGAG	CTCCA	5.02	-5.45	-0.86	-1.81	33.85	35.8
TGGCA	TGCCA	5.24	-2.98	-1.33	-1.81	33.34	36.44
TGGCC	GGCCA	4.93	-2.54	-1.76	-2.42	33.23	37.04
TGGCG	CGCCA	5.06	-2.98	-1.66	-1.9	33.36	36.34
TGGGA	TCCCA	4.93	-2.42	-1.55	-0.93	33.23	33.69
TGGGC	GCCCA	4.96	-2.77	-2.07	-1.99	33.45	33.75
TGGGG	CCCCA	4.89	-2.02	-1.74	-2.1	33.26	33.49
TGGTC	GACCA	4.84	-6.17	-0.69	-2.73	34.3	34.68
TGGTG	CACCA	4.84	-7	-0.68	-2.83	34.81	34.27
TGTAC	GTACA	6.2	-8	-1.75	4.26	33.68	34.52
TGTAG	CTACA	5.74	-8.6	-3.23	3.24	33.91	35.06
TGTCC	GGACA	5.02	-7.71	-2.88	-2.2	34.09	36.22
TGTCG	CGACA	5.28	-8.25	-2.39	-1.7	34.23	35.73
TGTGA	TCACA	5.84	-7.82	-2.33	3.97	33.59	34.48
TGTGC	GCACA	5.94	-8.3	-1.85	3.31	33.55	35.01
TGTGG	CCACA	5.8	-7.33	-1.82	2.59	33.07	34.79
TGTTC	GAACA	4.85	-10.91	-2.74	-3.14	34.81	35.68
TGTTG	CAACA	5.24	-11.69	-2.5	-2.78	34.7	35.19
TTAAA	TTTAA	5.73	-10.7	5.72	-3	34.67	35.63
TTAAC	GTTAA	5.85	-10.44	7.53	-2.86	34.36	35.05
TTAAG	CTTAA	5.58	-9.57	6.23	-3.71	34.81	34.68
TTACA	TGTAA	5.99	-7.55	6.03	-2.1	34.6	33.74
TTACC	GGTAA	5.43	-7.21	5.01	-3.71	34.64	34.56
TTACG	CGTAA	6.11	-7.71	6.35	-1.95	34.26	33.58
TTAGA	TCTAA	6	-6.61	6.26	-1.11	34.4	31.27
TTAGC	GCTAA	5.82	-6.12	5.63	-2.69	34.68	31.43
TTAGG	CCTAA	5.96	-5.77	5.87	-2.83	34.35	31.45
TTATC	GATAA	5.89	-7.66	7.32	-3.54	34.59	31.94
TTATG	CATAA	6.02	-8.06	7.92	-3.28	34.54	31.48
TTCAC	GTGAA	5.94	-6.21	0.69	4.07	34.8	34.78
TTCAG	CTGAA	5.93	-5.95	0.57	5.37	35.08	34.21
TTCCA	TGGAA	4.97	-5.2	-0.69	-0.87	36.04	33.8
TTCCC	GGGAA	4.73	-4.39	-0.97	-1.61	36.01	33.66
TTCCG	CGGAA	5.09	-5.36	-1.8	-1.46	35.82	34.24
TTCGA	TCGAA	5.75	-5.99	0.19	5.38	34.95	32.98
TTCGC	GCGAA	5.53	-6.08	-0.23	3.79	35.53	32.71
TTCGG	CCGAA	5.38	-6.08	-0.53	2.76	35.61	32.67
TTCTC	GAGAA	4.67	-2.4	-1.63	-2.79	36.61	31.51
TTCTG	CAGAA	5.14	-3.52	-0.54	-1.9	36.46	31.59
TTGAA	TTCAA	6	-5.98	5.46	0.18	34.59	34.8
TTGAC	GTCAA	5.91	-7.07	6.83	-0.77	34.61	34.78
TTGAG	CTCAA	5.9	-6.36	5.89	-0.68	34.65	34.56
TTGCA	TGCAA	5.78	-3.8	4.6	-1.25	34.61	35.49
TTGCC	GGCAA	5.3	-3.14	3.97	-2.26	34.5	36.34
TTGCG	CGCAA	5.81	-4.14	4.82	-0.77	34.85	35.42
TTGGA	TCCAA	5.42	-2.74	2.7	-1.03	34.57	33.66
TTGGC	GCCAA	5.56	-3.85	4.45	-1.23	34.72	33
TTGGG	CCCAA	5.44	-3.45	6.64	-0.64	34.28	32.76
TTGTC	GACAA	5.57	-7.48	6.28	-1.95	34.98	33.76
TTGTG	CACAA	5.2	-8.23	6.07	-2.4	35.72	33.59
TTTAC	GTAAA	5.91	-11.89	-0.99	6.47	35.53	34.25
TTTAG	CTAAA	5.82	-11.18	-1.41	6.08	35.72	34.35
TTTCA	TGAAA	5.4	-10.81	-1.64	0.49	35.9	34.89
TTTCC	GGAAA	4.63	-10.09	-3.36	-1.41	35.97	36.46
TTTCG	CGAAA	4.98	-10.58	-2.61	-0.38	35.88	35.62
TTTGA	TCAAA	5.6	-10.28	-2.67	5.24	35.3	34.64
TTTGC	GCAAA	5.41	-10.88	-3.68	3.96	35.29	34.35
TTTGG	CCAAA	5.42	-9.32	-3.1	2.51	35.2	34.57
TTTTC	GAAAA	4.35	-13.16	-4.32	-3.67	37	36.32
TTTTG	CAAAA	4.76	-13.79	-2.76	-2.19	36.92	35.51
